   1    0 ram0 0 0 0 0 0 0 0 0 0 0 0
   1    1 ram1 0 0 0 0 0 0 0 0 0 0 0
   1    2 ram2 0 0 0 0 0 0 0 0 0 0 0
   1    3 ram3 0 0 0 0 0 0 0 0 0 0 0
   1    4 ram4 0 0 0 0 0 0 0 0 0 0 0
   1    5 ram5 0 0 0 0 0 0 0 0 0 0 0
   1    6 ram6 0 0 0 0 0 0 0 0 0 0 0
   1    7 ram7 0 0 0 0 0 0 0 0 0 0 0
   1    8 ram8 0 0 0 0 0 0 0 0 0 0 0
   1    9 ram9 0 0 0 0 0 0 0 0 0 0 0
   1   10 ram10 0 0 0 0 0 0 0 0 0 0 0
   1   11 ram11 0 0 0 0 0 0 0 0 0 0 0
   1   12 ram12 0 0 0 0 0 0 0 0 0 0 0
   1   13 ram13 0 0 0 0 0 0 0 0 0 0 0
   1   14 ram14 0 0 0 0 0 0 0 0 0 0 0
   1   15 ram15 0 0 0 0 0 0 0 0 0 0 0
   3    0 hda 701516 942900 12172907 6225444 284041 770510 6545342 14685351 0 3033115 20954254
   3    1 hda1 51 73 0 0
   3    2 hda2 970571 970620 265871 265871
   3    3 hda3 3 6 0 0
   3    5 hda5 633013 10305474 647709 5181672
   3    6 hda6 22653 181209 51758 414064
   3    7 hda7 4505 538299 1 8
   3    8 hda8 1075 32107 1 8
   3    9 hda9 4685 80135 90117 683719
  22    0 hdc 3699 183366 748408 154422 0 0 0 0 0 153383 154422
   9    0 md0 0 0 0 0 0 0 0 0 0 0 0
 253    0 dm-0 0 0 0 0 0 0 0 0 0 0 0
   7    0 loop0 0 0 0 0 0 0 0 0 0 0 0
   7    1 loop1 0 0 0 0 0 0 0 0 0 0 0
   7    2 loop2 0 0 0 0 0 0 0 0 0 0 0
   7    3 loop3 0 0 0 0 0 0 0 0 0 0 0
   7    4 loop4 0 0 0 0 0 0 0 0 0 0 0
   7    5 loop5 0 0 0 0 0 0 0 0 0 0 0
   7    6 loop6 0 0 0 0 0 0 0 0 0 0 0
   7    7 loop7 0 0 0 0 0 0 0 0 0 0 0
   7    8 loop8 0 0 0 0 0 0 0 0 0 0 0
   7    9 loop9 0 0 0 0 0 0 0 0 0 0 0
   7   10 loop10 0 0 0 0 0 0 0 0 0 0 0
   7   11 loop11 0 0 0 0 0 0 0 0 0 0 0
   7   12 loop12 0 0 0 0 0 0 0 0 0 0 0
   7   13 loop13 0 0 0 0 0 0 0 0 0 0 0
   7   14 loop14 0 0 0 0 0 0 0 0 0 0 0
   7   15 loop15 0 0 0 0 0 0 0 0 0 0 0
   7   16 loop16 0 0 0 0 0 0 0 0 0 0 0
   7   17 loop17 0 0 0 0 0 0 0 0 0 0 0
   7   18 loop18 0 0 0 0 0 0 0 0 0 0 0
   7   19 loop19 0 0 0 0 0 0 0 0 0 0 0
   7   20 loop20 0 0 0 0 0 0 0 0 0 0 0
   7   21 loop21 0 0 0 0 0 0 0 0 0 0 0
   7   22 loop22 0 0 0 0 0 0 0 0 0 0 0
   7   23 loop23 0 0 0 0 0 0 0 0 0 0 0
   7   24 loop24 0 0 0 0 0 0 0 0 0 0 0
   7   25 loop25 0 0 0 0 0 0 0 0 0 0 0
   7   26 loop26 0 0 0 0 0 0 0 0 0 0 0
   7   27 loop27 0 0 0 0 0 0 0 0 0 0 0
   7   28 loop28 0 0 0 0 0 0 0 0 0 0 0
   7   29 loop29 0 0 0 0 0 0 0 0 0 0 0
   7   30 loop30 0 0 0 0 0 0 0 0 0 0 0
   7   31 loop31 0 0 0 0 0 0 0 0 0 0 0
   7   32 loop32 0 0 0 0 0 0 0 0 0 0 0
   7   33 loop33 0 0 0 0 0 0 0 0 0 0 0
   7   34 loop34 0 0 0 0 0 0 0 0 0 0 0
   7   35 loop35 0 0 0 0 0 0 0 0 0 0 0
   7   36 loop36 0 0 0 0 0 0 0 0 0 0 0
   7   37 loop37 0 0 0 0 0 0 0 0 0 0 0
   7   38 loop38 0 0 0 0 0 0 0 0 0 0 0
   7   39 loop39 0 0 0 0 0 0 0 0 0 0 0
   7   40 loop40 0 0 0 0 0 0 0 0 0 0 0
   7   41 loop41 0 0 0 0 0 0 0 0 0 0 0
   7   42 loop42 0 0 0 0 0 0 0 0 0 0 0
   7   43 loop43 0 0 0 0 0 0 0 0 0 0 0
   7   44 loop44 0 0 0 0 0 0 0 0 0 0 0
   7   45 loop45 0 0 0 0 0 0 0 0 0 0 0
   7   46 loop46 0 0 0 0 0 0 0 0 0 0 0
   7   47 loop47 0 0 0 0 0 0 0 0 0 0 0
   7   48 loop48 0 0 0 0 0 0 0 0 0 0 0
   7   49 loop49 0 0 0 0 0 0 0 0 0 0 0
   7   50 loop50 0 0 0 0 0 0 0 0 0 0 0
   7   51 loop51 0 0 0 0 0 0 0 0 0 0 0
   7   52 loop52 0 0 0 0 0 0 0 0 0 0 0
   7   53 loop53 0 0 0 0 0 0 0 0 0 0 0
   7   54 loop54 0 0 0 0 0 0 0 0 0 0 0
   7   55 loop55 0 0 0 0 0 0 0 0 0 0 0
   7   56 loop56 0 0 0 0 0 0 0 0 0 0 0
   7   57 loop57 0 0 0 0 0 0 0 0 0 0 0
   7   58 loop58 0 0 0 0 0 0 0 0 0 0 0
   7   59 loop59 0 0 0 0 0 0 0 0 0 0 0
   7   60 loop60 0 0 0 0 0 0 0 0 0 0 0
   7   61 loop61 0 0 0 0 0 0 0 0 0 0 0
   7   62 loop62 0 0 0 0 0 0 0 0 0 0 0
   7   63 loop63 0 0 0 0 0 0 0 0 0 0 0
