major minor  #blocks  name     rio rmerge rsect ruse wio wmerge wsect wuse running use aveq

  22     0   20094480 hdc 18502 68378 614922 575620 63 16 632 660 -9 28571324 42702177
  22     1      48163 hdc1 46 70 232 620 0 0 0 0 0 310 620
  22     2    5116702 hdc2 15272 58372 588450 543550 63 16 632 660 0 31290 544240
  22     3    5116702 hdc3 46 70 232 620 0 0 0 0 0 310 620
  22     4          1 hdc4 0 0 0 0 0 0 0 0 0 0 0
  22     5    5116671 hdc5 46 70 232 540 0 0 0 0 0 280 540
  22     6    2562336 hdc6 46 70 232 610 0 0 0 0 0 310 610
  22     7     514048 hdc7 46 70 232 580 0 0 0 0 0 290 580
  22     8     265041 hdc8 58 98 312 360 0 0 0 0 0 180 360
  22     9    1349428 hdc9 46 70 232 320 0 0 0 0 0 160 320
   3     0   80043264 hda 165456390 118310028 -2026323812 11081595 319064897 471719179 2045961426 3973385 -6386 23654554 26608111
   3     1    1020096 hda1 1022946 359030 11055850 13886300 18524433 42441169 487840520 19795761 0 15952587 33844701
   3     2   33792727 hda2 16867355 41487758 466839562 3680943 49279950 136588121 1489574368 3787 0 7851978 6830330
   3     3   20482875 hda3 21222823 25575094 374388250 40543161 47823459 36322836 675746654 7388934 0 15848238 6467323
   3     4          1 hda4 0 0 0 0 0 0 0 0 0 0 0
   3     5   19968763 hda5 12553421 16972432 236204218 36866208 132089301 133660978 2128837078 24946643 0 4783292 19031628
   3     6    3068383 hda6 2219407 1764003 31864346 28167600 15941594 29654857 365639372 10253628 0 18729247 38579828
   3     7    1020096 hda7 39200 370913 3278858 960450 939530 2371952 26950130 41566540 0 10284610 42535080
   3     8     522081 hda8 111525236 31538692 1144516184 15779080 54466614 90679266 1166340568 28867099 0 7075683 3835907
