major minor  #blocks  name

   3     0   78150744 hda
   3     1    4611568 hda1
   3     2    3591000 hda2
   3     3          1 hda3
   3     5   11801128 hda5
   3     6     536728 hda6
   3     7    6168928 hda7
   3     8    6191608 hda8
   3     9   45249592 hda9
 253     0    4587520 dm-0
   7     0     652862 loop0
   7     1     653886 loop1
   7     2     506174 loop2
   7     3     631824 loop3
   7     4     652852 loop4
   7     5     651854 loop5
   7     6     395278 loop6
   7     7     652478 loop7
   7     8     653444 loop8
   7     9     652756 loop9
   7    10     619972 loop10
   7    11     137586 loop11
   7    12     666538 loop12
   7    13     659278 loop13
   7    14     152052 loop14
   7    15     157376 loop15
   7    16     636162 loop16
   7    17     649870 loop17
   7    18     201976 loop18
   7    19     102298 loop19
   7    20     596550 loop20
   7    21     250010 loop21
   7    22       4332 loop22
   7    23      47104 loop23
   7    24     145808 loop24
   7    25     640022 loop25
   7    26     653232 loop26
   7    27     208950 loop27
   7    28     164716 loop28
   7    29     641798 loop29
   7    30     645894 loop30
   7    31     614270 loop31
   7    32     177882 loop32
   7    33     594366 loop33
   7    34     649578 loop34
   7    35     641730 loop35
   7    36     242246 loop36
   7    37     205478 loop37
   7    38     631000 loop38
   7    39     653880 loop39
   7    40     653894 loop40
   7    41     183950 loop41
   7    42      63614 loop42
   7    43     157376 loop43
